10
-0.818338 0.700632 -0.916208
-1.02199 0.963182 0.166785
-0.840698 -0.541339 -1.00009
-0.944516 1.0296 -0.218674
-1.14427 0.435682 0.707699
-1.15529 -0.544023 0.607732
-1.01068 -0.96891 -0.199371
-0.953234 -0.924755 -0.485976
-0.911925 1.00864 -0.388626
-1.09294 0.748495 0.495219
-1.16595 0.185375 0.778591
-0.987052 -0.96126 -0.318917
-0.801026 0.546795 -1.02926
-0.959963 -0.934427 -0.45312
-1.17087 -0.329101 0.721641
-0.937877 1.02783 -0.252897
-0.831658 -0.482765 -1.03696
-1.07456 -0.90919 0.136737
-1.01736 -0.968358 -0.165116
-0.993826 -0.964963 -0.284877
-1.16135 0.253882 0.766033
-0.993826 -0.964963 -0.284877
-0.844011 0.840204 -0.762695
-0.799773 0.531778 -1.03806
-0.970102 -0.946727 -0.403251
-0.786647 0.171318 -1.16269
-1.16964 0.116115 0.786422
-0.79224 -0.0548967 -1.17019
-1.17218 -0.296336 0.733602
-1.17523 -0.1101 0.778913
-0.78667 0.205768 -1.15707
-1.03058 -0.963605 -0.0967464
-0.850422 -0.597126 -0.959282
-1.06975 0.838304 0.391004
-0.787762 0.290869 -1.1379
-1.01736 -0.968358 -0.165116
-0.78731 0.101945 -1.17036
-0.905628 1.00085 -0.422063
-1.15056 -0.586038 0.576855
-1.12025 -0.768623 0.392755
-0.788917 0.0322248 -1.17327
-1.17241 0.0464377 0.789486
-1.16791 0.150818 0.7831
-1.17388 -0.00588926 0.788646
-1.07275 0.827905 0.404696
-1.15733 0.304566 0.753547
-0.939885 -0.901933 -0.550575
-1.08621 -0.883161 0.200446
-0.908766 1.0049 -0.405377
-1.14537 -0.626362 0.543871
